1,Poland,Cracow,dhunanyan_0,Toyota,Sienna,3456,2017,Grey,Gas,Auto,https://firebasestorage.googleapis.com/v0/b/dreamcar-d63e5.appspot.com/o/Images%2Fdhunanyan_0?alt=media&token=bbbd6420-7ff7-482b-8429-4c2a2021786b,550,#Toyota #ToyotaSiena #Toyota2017,5/2/2022,5/28/2022,FALSE,FALSE,dhunanyan,2
2,Poland,Cracow,dhunanyan_1,Audi,A8,2995,2019,Black,Gas,Auto,https://firebasestorage.googleapis.com/v0/b/dreamcar-d63e5.appspot.com/o/Images%2Fdhunanyan_1?alt=media&token=00b12391-f54b-47f2-97ab-e8a018e7f0ac,950,#AudiA8 #AUDI2019 #AudiBlack #2019 #Audi #A8 #Black,5/2/2022,6/4/2022,FALSE,FALSE,dhunanyan,2
3,Poladn,Cracow,dhunanyan_2,Ferrari,California,4297,2017,Red,Gas,Auto,https://firebasestorage.googleapis.com/v0/b/dreamcar-d63e5.appspot.com/o/Images%2Fdhunanyan_2?alt=media&token=2fbf1500-a5ae-4fd4-b4b6-70d512f9539a,8940,#Ferrari #RedFerrari #Ferrari2017 #FerrariCalifornia,6/1/2022,6/1/2022,FALSE,FALSE,dhunanyan,2
4,Poland,Cracow,dhunanyan_3,Dodge,Charger,5654,2017,Black,Gas,Auto,https://firebasestorage.googleapis.com/v0/b/dreamcar-d63e5.appspot.com/o/Images%2Fdhunanyan_3?alt=media&token=281aa24d-e395-4799-ac9d-fde325770a92,1050,#DodgeCharger #Dodge #Dodge2019 #2019,4/24/2022,6/4/2022,FALSE,FALSE,dhunanyan,2
5,Poland,Cracow,dhunanyan_4,Mercedes-Benz,CLS AMG 53,2999,2019,Black,Hybrid,Auto,https://firebasestorage.googleapis.com/v0/b/dreamcar-d63e5.appspot.com/o/Images%2Fdhunanyan_4?alt=media&token=c59105c8-17b0-4fae-a016-329cccbeb876,2580,#Mercedes-Benz #CLS #AMG53 #MercBenz,5/1/2022,6/4/2022,FALSE,FALSE,dhunanyan,2
6,Poland,Gdynia,jankowalski_0,Maserati,Ghibli Standard,2979,2017,White,Gas,Auto,https://firebasestorage.googleapis.com/v0/b/dreamcar-d63e5.appspot.com/o/Images%2Fjankowalski_0?alt=media&token=14075d3d-c697-43dd-b86d-d5c1d7f6a210,1650,#Maserati #MaseratiWhite #Maserati2017 #MaseratiGhibli,6/12/2022,6/30/2022,FALSE,FALSE,jankowalski,3
7,Poland,Gdynia,jankowalski_1,BMW,X5,2979,2018,Black,Gas,Auto,https://firebasestorage.googleapis.com/v0/b/dreamcar-d63e5.appspot.com/o/Images%2Fjankowalski_1?alt=media&token=15357d67-d2a7-4b7c-a68c-01f2d23f79e6,1170,#BMW #BMW-X5 #XDrive35i #BMW-X5-2018,6/26/2022,7/20/2022,FALSE,FALSE,jankowalski,3
8,Poland,Gdynia,jankowalski_2,Porsche,Cayman PDK,2706,2015,Yellow,Gas,Auto,https://firebasestorage.googleapis.com/v0/b/dreamcar-d63e5.appspot.com/o/Images%2Fjankowalski_2?alt=media&token=814c7d11-b562-400f-ac7b-fc74f0df44c2,1580,#Porsche #PorscheCayman #PorscheYellow #Porsche2015,7/10/2022,8/6/2022,FALSE,FALSE,jankowalski,3
9,Poland,Limanowa,marekgurgul_0,Ford,Explorer,2261,2019,Red,Gas,Auto,https://firebasestorage.googleapis.com/v0/b/dreamcar-d63e5.appspot.com/o/Images%2Fmarekgurgul_0.png?alt=media&token=f05af9f0-8a2f-4a6e-8ac3-821a0f3e2bc1,1900,#Ford #Ford2019 #2019,5/2/2022,5/29/2022,FALSE,FALSE,marekgurgul,4
10,Poland,Limanowa,marekgurgul_1,Tesla,Model S,brak,2018,Blue,Electric,Auto,https://firebasestorage.googleapis.com/v0/b/dreamcar-d63e5.appspot.com/o/Images%2Fmarekgurgul_1.png?alt=media&token=3cfb1e8a-d86b-48e3-8174-8370eae82e22,4200,#Tesla #Tesla2018 #2018,6/5/2022,6/6/2022,FALSE,FALSE,marekgurgul,4
11,Poland,Cracow,oliwiernowak_0,Lexus,LS,4608,2014,Black,Gas,Auto,https://firebasestorage.googleapis.com/v0/b/dreamcar-d63e5.appspot.com/o/Images%2Foliwiernowak_0.png?alt=media&token=435b7417-b3cf-4646-8393-28ff5c81e9e6,1400,#Lexus #Lexus2014 #2014,5/15/2022,6/14/2022,FALSE,FALSE,oliwiernowak,5
12,Poland,Cracow,oliwiernowak_1,BMW,X5,2979,2017,Black,Gas,Auto,https://firebasestorage.googleapis.com/v0/b/dreamcar-d63e5.appspot.com/o/Images%2Foliwiernowak_1.png?alt=media&token=450b1092-f15a-4a7f-860b-ba33d7d39011,1600,#BMW #BMW X5 #X5 #2017,5/13/2022,6/15/2022,FALSE,FALSE,oliwiernowak,5
13,Poland,Cracow,oliwiernowak_2,Dodge,RAM,2989,2014,Black,Diesel,Auto,https://firebasestorage.googleapis.com/v0/b/dreamcar-d63e5.appspot.com/o/Images%2Foliwiernowak_2.png?alt=media&token=91db8b54-39b7-483d-89a2-cf93e4bef25a,1800,#Dodge #Dodge2014,5/8/2022,7/5/2022,FALSE,FALSE,oliwiernowak,5
14,Poland,Lublin,adamdudek_0,Dodge,Caliber,1968,2006,Black,Diesel,Manual,https://firebasestorage.googleapis.com/v0/b/dreamcar-d63e5.appspot.com/o/Images%2Fadamdudek_0.png?alt=media&token=7f514952-b053-43c8-a404-23ef73a85990,1800,#Dodge #DodgeCaliber #2006,5/8/2022,6/6/2022,FALSE,FALSE,adamdudek,6
15,Poland,Lublin,adamdudek_1,Mercedes-Benz,GL,2996,2016,White,Gas,Auto,https://firebasestorage.googleapis.com/v0/b/dreamcar-d63e5.appspot.com/o/Images%2Fadamdudek_1.png?alt=media&token=98f4cb58-3ea2-4e0c-8139-e12718250aca,2100,#Mercedes-Benz #GL #2016,5/14/2022,6/14/2022,FALSE,FALSE,adamdudek,6
16,Poland,Limanowa,kamilhanzel_0,Audi,Q5,1984,2017,White,Gas,Auto,https://firebasestorage.googleapis.com/v0/b/dreamcar-d63e5.appspot.com/o/Images%2Fkamilhanzel_0.png?alt=media&token=f50fbb17-042f-454b-ab00-f110e0b26f1d,1450,#Audi #AudiQ5 #2017,5/16/2022,6/19/2022,FALSE,FALSE,kamilhanzel,7
17,Poland,Limanowa,kamilhanzel_1,BMW,XDrive,2993,2010,Grey,Diesel,Auto,https://firebasestorage.googleapis.com/v0/b/dreamcar-d63e5.appspot.com/o/Images%2Fkamilhanzel_1.png?alt=media&token=63a6e813-a7cb-4f9f-8e9d-75d31cc78821,1900,#BMW #XDrive #2010,5/5/2022,7/1/2022,FALSE,FALSE,kamilhanzel,7
18,Poland,Limanowa,kamilhanzel_2,BMW,Seria 7,4395,2017,Black,Gas,Auto,https://firebasestorage.googleapis.com/v0/b/dreamcar-d63e5.appspot.com/o/Images%2Fkamilhanzel_2.png?alt=media&token=4a505df2-a230-49fb-a7d8-462357a2af8a,2300,#BMW #BMW2017,5/19/2022,6/29/2022,FALSE,FALSE,kamilhanzel,7
19,Poland,Tarnów,nikodemb_0,Skoda,Superb,1984,2017,White,Gas,Auto,https://firebasestorage.googleapis.com/v0/b/dreamcar-d63e5.appspot.com/o/Images%2Fnikodemb_0.png?alt=media&token=c2713df2-d0de-4d8f-b64c-050238308256,1400,#Skoda #Superb #2017,5/13/2022,7/1/2022,FALSE,FALSE,nikodemb,8
20,Poland,Tarnów,mateuszpiotrowski_0,MINI,Cooper,1998,2019,Red,Gas,Manual,https://firebasestorage.googleapis.com/v0/b/dreamcar-d63e5.appspot.com/o/Images%2Fmateuszpiotrowski_0.png?alt=media&token=795da77c-d38e-40a2-bd15-1fa0f0aa89b4,1200,#MINI #Cooper #2019,5/19/2022,6/30/2022,FALSE,FALSE,mateuszpiotrowski,9
21,Poland,Szczecin,paulinaduda_0,Audi,A8,3993,2014,Black,Gas,Auto,https://firebasestorage.googleapis.com/v0/b/dreamcar-d63e5.appspot.com/o/Images%2Fpaulinaduda_0.png?alt=media&token=33cc731c-b97d-4bc5-bf13-59b5a609fa47,1550,#Audi #A8 #2014,5/21/2022,6/19/2022,FALSE,FALSE,paulinaduda,10
22,Poland,Szczecin,paulinaduda_1,BMW,Seria 3,1998,2019,Blue,Gas,Auto,https://firebasestorage.googleapis.com/v0/b/dreamcar-d63e5.appspot.com/o/Images%2Fpaulinaduda_1.png?alt=media&token=763bc90f-d2a1-4f15-b729-e128125e36d4,1400,#BMW #2019,5/5/2022,6/6/2022,FALSE,FALSE,paulinaduda,10
23,Poland,Szczecin,abrampiotr_0,Ford,Mustang,5038,2020,green,Gas,Auto,https://firebasestorage.googleapis.com/v0/b/dreamcar-d63e5.appspot.com/o/Images%2Fabrampiotr_0.png?alt=media&token=7a8e13b9-a812-4eb3-b319-4003671c0e77,1900,#Ford #Mustang #2020,5/5/2022,6/6/2022,FALSE,FALSE,abrampiotr,11
24,Poland,Szczecin,abrampiotr_1,Mercedes-Benz,Klasa S,4663,2016,Black,Gas,Auto,https://firebasestorage.googleapis.com/v0/b/dreamcar-d63e5.appspot.com/o/Images%2Fabrampiotr_1.png?alt=media&token=e8fd0db6-8657-4fe0-b000-6a37b2338ec1,3500,#Mercedes-Benz #2016,5/9/2022,7/1/2022,FALSE,FALSE,abrampiotr,11
25,Poland,Szczecin,abrampiotr_2,Tesla,Model 3,brak,2018,grey,Electric,Auto,https://firebasestorage.googleapis.com/v0/b/dreamcar-d63e5.appspot.com/o/Images%2Fabrampiotr_2.png?alt=media&token=0b46bb22-f1b8-4463-a384-c188bdae2e6f,2300,#Tesla #2018,5/3/2022,6/9/2022,FALSE,FALSE,abrampiotr,11
26,Poland,Olsztyn,radekbabecki_0,Ford,Edge,1997,2020,grey,Gas,Auto,https://firebasestorage.googleapis.com/v0/b/dreamcar-d63e5.appspot.com/o/Images%2Fradekbabecki_0.png?alt=media&token=4bbc60ff-389f-46dc-aeda-5b118fedc4b7,1750,#Ford #Edge #2020,5/7/2022,6/17/2022,FALSE,FALSE,radekbabecki,12
27,Poland,Olsztyn,radekbabecki_1,Jaguar,F-pace,1997,2018,black,Gas,Auto,https://firebasestorage.googleapis.com/v0/b/dreamcar-d63e5.appspot.com/o/Images%2Fradekbabecki_1.png?alt=media&token=1d1c8f2c-ce9f-47bf-b639-4bb8d76bbd20,2250,#Jaguar #F-pace #2018,5/9/2022,6/9/2022,FALSE,FALSE,radekbabecki,12
28,Poland,Kamionka,matyldadachowska_0,BMW,Seria 3,1998,2018,White,Gas,Auto,https://firebasestorage.googleapis.com/v0/b/dreamcar-d63e5.appspot.com/o/Images%2Fmatyldadachowska_0.png?alt=media&token=16f0c442-d073-4ed1-8637-ba45b90b6c33,1600,#BMW #BMW2018 #2018,5/3/2022,6/7/2022,FALSE,FALSE,matyldadachowska,13
29,Poland,Kamionka,matyldadachowska_1,Hyundai,I30,1600,2017,grey,Gas,Manual,https://firebasestorage.googleapis.com/v0/b/dreamcar-d63e5.appspot.com/o/Images%2Fmatyldadachowska_1.png?alt=media&token=0213d98a-f125-4736-84f8-30087eed00ce,1300,#Hyundai #2017,5/7/2022,6/6/2022,FALSE,FALSE,matyldadachowska,13
30,Poland,Kamionka,matyldadachowska_2,KIA,Ceed,998,2018,Black,Gas,Manual,https://firebasestorage.googleapis.com/v0/b/dreamcar-d63e5.appspot.com/o/Images%2Fmatyldadachowska_2.png?alt=media&token=53e3601e-65ae-4978-be7b-32ba5ec3bfba,1350,#KIA #Ceed #2018,5/8/2022,6/28/2022,FALSE,FALSE,matyldadachowska,13
31,Poland,Kamionka,matyldadachowska_3,Ford,Fiesta,1100,2016,Blue,Gas,Manual,https://firebasestorage.googleapis.com/v0/b/dreamcar-d63e5.appspot.com/o/Images%2Fmatyldadachowska_3.png?alt=media&token=0cf0a03a-0e72-4fd4-a024-dde65af5aba6,950,#Ford #Fiesta #Ford2016,5/2/2022,6/2/2022,FALSE,FALSE,matyldadachowska,13
32,Poland,Sochocin,filipedel_0,Toyota,Yaris,1500,2018,White,Gas,Manual,https://firebasestorage.googleapis.com/v0/b/dreamcar-d63e5.appspot.com/o/Images%2Ffilipedel_0.png?alt=media&token=371602c2-6962-4116-bc47-2a96f997233f,1100,#Toyota #Yaris #Toyota2018,5/1/2022,6/1/2022,FALSE,FALSE,filipedel,14
33,Poland,Sochocin,filipedel_1,KIA,Stonic,1200,2018,Blue,Gas,Auto,https://firebasestorage.googleapis.com/v0/b/dreamcar-d63e5.appspot.com/o/Images%2Ffilipedel_1.png?alt=media&token=47adbe8d-c8c1-4bae-8d2e-b4d9af1a3153,1250,#KIA #Stonic #KIA2018,5/2/2022,6/9/2022,FALSE,FALSE,filipedel,14
34,Poland,Kaczory,adamgabor_0,Toyota,Corolla,1800,2019,Red,Gas,Auto,https://firebasestorage.googleapis.com/v0/b/dreamcar-d63e5.appspot.com/o/Images%2Fadamgabor_0.png?alt=media&token=4ae8369f-c2a7-4866-9319-5b0851a9e2c9,1300,#Toyota #Corolla #Toyota2019,5/5/2022,6/5/2022,FALSE,FALSE,adamgabor,15
35,Poland,Kaczory,adamgabor_1,Mazda,CX-30,2000,2019,Blue,Gas,Auto,https://firebasestorage.googleapis.com/v0/b/dreamcar-d63e5.appspot.com/o/Images%2Fadamgabor_1.png?alt=media&token=7d4f289a-0223-4326-bb7b-676949f70c51,1250,#Mazda #Mazda2019,5/4/2022,6/7/2022,FALSE,FALSE,adamgabor,15
36,Poland,Kaczory,adamgabor_2,Toyota,C-HR,1800,2019,Black,Gas,Auto,https://firebasestorage.googleapis.com/v0/b/dreamcar-d63e5.appspot.com/o/Images%2Fadamgabor_2.png?alt=media&token=8f512e7e-781e-43db-9320-e8c21ae814d2,1350,#Toyota #Toyota2019,5/1/2022,7/2/2022,FALSE,FALSE,adamgabor,15
37,Poland,Leszno,kfabianowicz_0,Hyundai,Tucson,1600,2019,Blue,Gas,Auto,https://firebasestorage.googleapis.com/v0/b/dreamcar-d63e5.appspot.com/o/Images%2Fkfabianowicz_0.png?alt=media&token=cd04d963-b988-4899-8948-ec2bbf4fbd1a,1400,#Hyundai #Hyundai2019,5/6/2022,6/27/2022,FALSE,FALSE,kfabianowicz,16
38,Poland,Leszno,kfabianowicz_1,Nissan,Qashqgai,1300,2018,Grey,Gas,Auto,https://firebasestorage.googleapis.com/v0/b/dreamcar-d63e5.appspot.com/o/Images%2Fkfabianowicz_1.png?alt=media&token=01790efa-eee8-44dc-8214-eaf41ad04745,1450,#Nissan #Nissan2018,5/19/2022,6/29/2022,FALSE,FALSE,kfabianowicz,16
39,Poland,Braniewo,mateuszbiernat_0,Audi,A8,2000,2020,Black,Diesel,Auto,https://firebasestorage.googleapis.com/v0/b/dreamcar-d63e5.appspot.com/o/Images%2Fmateuszbiernat_0.png?alt=media&token=ea15b098-cacb-40b3-8a36-ac70be6f4ab1,1500,#Audi #A8 #Audi2020,5/9/2022,6/1/2022,FALSE,FALSE,mateuszbiernat,17
40,Poland,Braniewo,mateuszbiernat_1,KIA,Sorento,1600,2020,White,Hybrid,Auto,https://firebasestorage.googleapis.com/v0/b/dreamcar-d63e5.appspot.com/o/Images%2Fmateuszbiernat_1.png?alt=media&token=3e3aa33a-bd0e-49d4-af3f-40266eff28ea,1450,#KIA #Sorento #KIA2020,5/5/2022,6/6/2022,FALSE,FALSE,mateuszbiernat,17
41,Poland,Gniezno,patrykbieda_0,Renault,Clio,999,2017,Red,Gas,Manual,https://firebasestorage.googleapis.com/v0/b/dreamcar-d63e5.appspot.com/o/Images%2Fpatrykbieda_0.png?alt=media&token=d5062d34-4ae6-4e6b-94ff-6f99a660b3ca,1050,#Renault #Clio #Renault2017,5/1/2022,6/1/2022,FALSE,FALSE,patrykbieda,18
42,Poland,Gniezno,patrykbieda_1,Volvo,C40,brak,2021,Blue,Electric,Auto,https://firebasestorage.googleapis.com/v0/b/dreamcar-d63e5.appspot.com/o/Images%2Fpatrykbieda_1.png?alt=media&token=ba3ed2ab-ecbf-416f-b8f3-0cf1d54e6897,3500,#Volvo #C40 #Volvo2021,5/5/2022,6/1/2022,FALSE,FALSE,patrykbieda,18
43,Poland,Gniezno,patrykbieda_2,Suzuki,Across,2487,2020,Black,Hybrid,Auto,https://firebasestorage.googleapis.com/v0/b/dreamcar-d63e5.appspot.com/o/Images%2Fpatrykbieda_2.png?alt=media&token=7fe13418-61c6-486a-b6fe-ced6d68ff77d,3200,#Suzuki #Suzuki2020,5/2/2022,6/2/2022,FALSE,FALSE,patrykbieda,18
44,Poland,Kalisz,tomekgolonka_0,Suzuki,Swift,1328,2010,White,Gas,Manual,https://firebasestorage.googleapis.com/v0/b/dreamcar-d63e5.appspot.com/o/Images%2Ftomekgolonka_0.png?alt=media&token=a2d05594-1759-4b24-bbf8-2b2913c8588b,1050,#Suzuki #Suzuki2010 #Swift,5/3/2022,6/5/2022,FALSE,FALSE,tomekgolonka,19
45,Poland,Kalisz,tomekgolonka_1,Subaru,Forester,1995,2019,White,Gas,Manual,https://firebasestorage.googleapis.com/v0/b/dreamcar-d63e5.appspot.com/o/Images%2Ftomekgolonka_1.png?alt=media&token=83bdd056-f752-4785-8830-c3d5276febf2,1100,#Subaru #Subaru2019,5/1/2022,6/1/2022,FALSE,FALSE,tomekgolonka,19
46,Poland,Kamieniec,karolinanaborczyk_0,Smart,Fortwo,599,2003,Grey,Gas,Auto,https://firebasestorage.googleapis.com/v0/b/dreamcar-d63e5.appspot.com/o/Images%2Fkarolinanaborczyk_0.png?alt=media&token=5ef98914-3c4b-41c5-93db-53a280993ca0,850,#Smart #Smart2003 #Fortwo,5/5/2022,7/1/2022,FALSE,FALSE,karolinanaborczyk,20
47,Poland,Kamieniec,karolinanaborczyk_1,Skoda,Octavia,1212,2016,Grey,Gas,Manual,https://firebasestorage.googleapis.com/v0/b/dreamcar-d63e5.appspot.com/o/Images%2Fkarolinanaborczyk_1.png?alt=media&token=1c2dff10-0639-4e02-b0ee-1399f3909ad2,1100,#Skoda #Skoda2016,5/6/2022,6/8/2022,FALSE,FALSE,karolinanaborczyk,20
48,Poland,Kamieniec,karolinanaborczyk_2,Skoda,Karoq,1500,2019,White,Gas,Auto,https://firebasestorage.googleapis.com/v0/b/dreamcar-d63e5.appspot.com/o/Images%2Fkarolinanaborczyk_2.png?alt=media&token=9d7ccbab-b296-433c-9db6-04c17eb866cb,1350,#Skoda #Skoda2019,5/5/2022,6/6/2022,FALSE,FALSE,karolinanaborczyk,20
49,Poland,Stronie,agnieszkawachnik_0,Seat,Arona,1500,2017,Red,Gas,Auto,https://firebasestorage.googleapis.com/v0/b/dreamcar-d63e5.appspot.com/o/Images%2Fagnieszkawachnik_0.png?alt=media&token=d0261264-aef8-4aa8-9ff9-b90a3498299a,1450,#Seat #Seat2017,5/5/2022,6/14/2022,FALSE,FALSE,agnieszkawachnik,21
50,Poland,Stronie,agnieszkawachnik_1,Porche,Macan,1984,2020,Green,Gas,Auto,https://firebasestorage.googleapis.com/v0/b/dreamcar-d63e5.appspot.com/o/Images%2Fagnieszkawachnik_1.png?alt=media&token=7f62f915-4b99-467a-bb99-737343be7243,2050,#Porche #Porche2020 #Macan,5/1/2022,6/1/2022,FALSE,FALSE,agnieszkawachnik,21
51,Germany,Berlin,hannafischer_0,Peugeot,2008,1199,2019,Blue,Gas,Auto,https://firebasestorage.googleapis.com/v0/b/dreamcar-d63e5.appspot.com/o/Images%2Fhannafischer_0.png?alt=media&token=b8b1bf1b-024b-4f7f-9e3e-57822a9f99d1,1550,#Peugeot #Peugeot2019,5/9/2022,6/26/2022,FALSE,FALSE,hannafischer,22
52,Germany,Berlin,hannafischer_1,Peugeot,508,1499,2018,Black,Gas,Manual,https://firebasestorage.googleapis.com/v0/b/dreamcar-d63e5.appspot.com/o/Images%2Fhannafischer_1.png?alt=media&token=c131df9f-8bfb-4f76-99c7-44bff0cd81cb,1300,#Peugeot #Peugeot2018,5/17/2022,6/18/2022,FALSE,FALSE,hannafischer,22
53,Germany,Berlin,hannafischer_2,Opel,Astra,1399,2018,Red,Gas,Manual,https://firebasestorage.googleapis.com/v0/b/dreamcar-d63e5.appspot.com/o/Images%2Fhannafischer_2.png?alt=media&token=c0633963-f542-4550-80b6-1958a338fa47,1250,#Opel #Opel2018 #2018,5/13/2022,7/1/2022,FALSE,FALSE,hannafischer,22
54,Germany,Berlin,hannafischer_3,Opel,Insignia,1496,2018,Red,Gas,Auto,https://firebasestorage.googleapis.com/v0/b/dreamcar-d63e5.appspot.com/o/Images%2Fhannafischer_3.png?alt=media&token=8440bfff-7207-41b7-aa6d-294cb11a920d,1250,#Opel #Opel2018 #Insignia,5/20/2022,6/20/2022,FALSE,FALSE,hannafischer,22
55,Germany,Berlin,noahmeyer_0,Jeep,Compass,1332,2017,White,Gas,Auto,https://firebasestorage.googleapis.com/v0/b/dreamcar-d63e5.appspot.com/o/Images%2Fnoahmeyer_0.png?alt=media&token=647e23cd-ff2b-4e2a-b9ac-d3218bd60fcd,1340,#Jeep #Jeep2017,5/13/2022,6/12/2022,FALSE,FALSE,noahmeyer,23
56,Germany,Berlin,noahmeyer_1,Jeep,Renagade,999,2020,Grey,Gas,Auto,https://firebasestorage.googleapis.com/v0/b/dreamcar-d63e5.appspot.com/o/Images%2Fnoahmeyer_1.png?alt=media&token=0a4e3cf5-c64d-4011-8112-75daa924b50d,1250,#Jeep #Jeep2020 #2020,5/1/2022,7/1/2022,FALSE,FALSE,noahmeyer,23
57,Germany,Berlin,noahmeyer_2,Jaguar,XE,1997,2019,Black,Gas,Auto,https://firebasestorage.googleapis.com/v0/b/dreamcar-d63e5.appspot.com/o/Images%2Fnoahmeyer_2.png?alt=media&token=15b60177-07b7-47cb-859f-3f2cd0b5846c,1550,#Jaguar #Jaguar2019,5/3/2022,5/29/2022,FALSE,FALSE,noahmeyer,23
58,Germany,Berlin,emmaschmidt_0,Honda,Jazz,1498,2018,White,Gas,Manual,https://firebasestorage.googleapis.com/v0/b/dreamcar-d63e5.appspot.com/o/Images%2Femmaschmidt_0.png?alt=media&token=e2a58265-2994-4de1-8a02-40c742501b6f,1200,#Honda #Honda2018,5/17/2022,6/22/2022,FALSE,FALSE,emmaschmidt,24
59,Germany,Berlin,emmaschmidt_1,Fiat,500,999,2016,White,Gas,Manual,https://firebasestorage.googleapis.com/v0/b/dreamcar-d63e5.appspot.com/o/Images%2Femmaschmidt_1.png?alt=media&token=4a496d22-69f8-41d5-acf8-0925cdfef4fa,950,#Fiat #Fiat500,5/13/2022,7/5/2022,FALSE,FALSE,emmaschmidt,24
60,Germany,Berlin,emmaschmidt_2,Dacia,Duster,998,2017,Blue,Gas,Auto,https://firebasestorage.googleapis.com/v0/b/dreamcar-d63e5.appspot.com/o/Images%2Femmaschmidt_2.png?alt=media&token=bbc94f20-b9ea-4fb1-89d5-c056d9108114,1290,#Dacia #Duster #2017,5/16/2022,6/24/2022,FALSE,FALSE,emmaschmidt,24
61,Germany,Monachium,paulschneider_0,Citroen,Berlingo,1199,2008,White,Gas,Manual,https://firebasestorage.googleapis.com/v0/b/dreamcar-d63e5.appspot.com/o/Images%2Fpaulschneider_0.png?alt=media&token=eb647cc3-9995-4e8d-ad84-c84c84e7e0d8,1050,#Citroen #Citroen2008,5/1/2022,6/7/2022,FALSE,FALSE,paulschneider,25
62,Germany,Monachium,paulschneider_1,Citroen,Jumpy,1997,2016,White,Gas,Manual,https://firebasestorage.googleapis.com/v0/b/dreamcar-d63e5.appspot.com/o/Images%2Fpaulschneider_1.png?alt=media&token=e4cdfbdb-8e0b-499d-8c15-a2c4698adf65,1100,#Citroen #Citroen2016,5/7/2022,7/1/2022,FALSE,FALSE,paulschneider,25
63,France,Auby,arthurblaise_0,BMW,8,2993,2020,Green,Gas,Auto,https://firebasestorage.googleapis.com/v0/b/dreamcar-d63e5.appspot.com/o/Images%2Farthurblaise_0.png?alt=media&token=20eaa615-01b6-47dd-97ea-466cef952ec9,3700,#BMW #BMW8 #BMW2020,5/5/2022,6/5/2022,FALSE,FALSE,arthurblaise,26
64,France,Auby,arthurblaise_1,BMW,6,2979,2015,White,Gas,Auto,https://firebasestorage.googleapis.com/v0/b/dreamcar-d63e5.appspot.com/o/Images%2Farthurblaise_1.png?alt=media&token=a8370d27-3093-4c5b-8711-beed2299ded7,3450,#BMW #BMW6 #BMW2015,5/3/2022,6/3/2022,FALSE,FALSE,arthurblaise,26
65,France,Auby,arthurblaise_2,BMW,X7,2993,2017,White,Gas,Auto,https://firebasestorage.googleapis.com/v0/b/dreamcar-d63e5.appspot.com/o/Images%2Farthurblaise_2.png?alt=media&token=588a6c37-1eb6-4fb2-b631-d273c008adbd,3330,#BMW #BMWX7 #BMW2017,5/13/2022,6/17/2022,FALSE,FALSE,arthurblaise,26
66,France,Paris,camilleandre_0,Audi,R8,4200,2012,Grey,Gas,Auto,https://firebasestorage.googleapis.com/v0/b/dreamcar-d63e5.appspot.com/o/Images%2Fcamilleandre_0.png?alt=media&token=b201766c-39a7-4e6b-a7b6-8e3a93e57473,3200,#Audi #Audi2012 #AudiR8,5/1/2022,5/29/2022,FALSE,FALSE,camilleandre,27
67,France,Paris,camilleandre_1,Audi,Q2,1984,2018,Grey,Gas,Auto,https://firebasestorage.googleapis.com/v0/b/dreamcar-d63e5.appspot.com/o/Images%2Fcamilleandre_1.png?alt=media&token=3daf4312-02a8-41b1-b210-9c3b1da5943d,3150,#Audi #AudiQ2 #Audi2018,5/13/2022,7/1/2022,FALSE,FALSE,camilleandre,27
68,France,Paris,camilleandre_2,Bentley,Bentayga,5950,2019,Grey,Gas,Auto,https://firebasestorage.googleapis.com/v0/b/dreamcar-d63e5.appspot.com/o/Images%2Fcamilleandre_2.png?alt=media&token=2cd4cf98-2249-4167-9a21-e0bff7412545,4150,#Bentley #Bantayga #Bentley2019,5/19/2022,6/13/2022,FALSE,FALSE,camilleandre,27
69,France,Lyon,adrienbastien_0,Cupra,Ateca,1984,2020,Grey,Gas,Auto,https://firebasestorage.googleapis.com/v0/b/dreamcar-d63e5.appspot.com/o/Images%2Fadrienbastien_0.png?alt=media&token=00f6f681-03d4-4a2b-881b-969f4ae99820,3270,#Cupra #Cupra2020 #Ateca,5/20/2022,6/17/2022,FALSE,FALSE,adrienbastien,28
70,France,Lyon,adrienbastien_1,Lamborghini,Aventador,6498,2018,Grey,Gas,Auto,https://firebasestorage.googleapis.com/v0/b/dreamcar-d63e5.appspot.com/o/Images%2Fadrienbastien_1.png?alt=media&token=af2dd416-1ea1-406c-a8b6-c2f3686ccd86,4450,#Lamborghini #LamborghiniAventador,5/12/2022,6/1/2022,FALSE,FALSE,adrienbastien,28
71,France,Lyon,adrienbastien_2,Maserati,Ghibli,2979,2017,White,Electric,Auto,https://firebasestorage.googleapis.com/v0/b/dreamcar-d63e5.appspot.com/o/Images%2Fadrienbastien_2.png?alt=media&token=14eb47cc-5174-414a-bbe2-14cdc1d93308,4600,#Maserati #MaseratiGhibli #Maserati2017,5/21/2022,6/13/2022,FALSE,FALSE,adrienbastien,28
72,France,Lyon,adrienbastien_3,Mazda,2,1388,2013,Red,Gas,Manual,https://firebasestorage.googleapis.com/v0/b/dreamcar-d63e5.appspot.com/o/Images%2Fadrienbastien_3.png?alt=media&token=d184de2d-c5ce-4d22-b860-b8c01d9be3c2,1250,#Mazda #Mazda2,5/1/2022,6/1/2022,FALSE,FALSE,adrienbastien,28
73,France,Lyon,adrienbastien_4,Mazda,6,2184,2013,White,Gas,Manual,https://firebasestorage.googleapis.com/v0/b/dreamcar-d63e5.appspot.com/o/Images%2Fadrienbastien_4.png?alt=media&token=b94e87fd-ca07-4dd2-a71a-8ab4c957f76f,1300,#Mazda #Mazda6 #Mazda2013,5/6/2022,6/7/2022,FALSE,FALSE,adrienbastien,28
74,Belgium,Liege,peetersmaes_0,Levc,TX,1477,2018,White,Hybrid,Auto,https://firebasestorage.googleapis.com/v0/b/dreamcar-d63e5.appspot.com/o/Images%2Fpeetersmaes_0.png?alt=media&token=9dc5132c-e21d-47ef-a657-f71add03c6fd,1650,#Levc #LevcTX #Levc2018,5/9/2022,6/9/2022,FALSE,FALSE,peetersmaes,29
75,Belgium,Liege,peetersmaes_1,Alpina,B3,3346,2020,Black,Gas,Auto,https://firebasestorage.googleapis.com/v0/b/dreamcar-d63e5.appspot.com/o/Images%2Fpeetersmaes_1.png?alt=media&token=f1c7600e-537c-4b62-b402-6b0781f1ad52,1950,#Alpina #AlpinaB3 #Alpina2020,5/7/2022,5/30/2022,FALSE,FALSE,peetersmaes,29
76,Belgium,Liege,peetersmaes_2,Abarth,500,1386,2018,Red,Gas,Manual,https://firebasestorage.googleapis.com/v0/b/dreamcar-d63e5.appspot.com/o/Images%2Fpeetersmaes_2.png?alt=media&token=ee09a1b9-b6ca-4143-8cee-07972693c456,950,#Abarth #Abarth500 #Abarth2018,5/18/2022,7/1/2022,FALSE,FALSE,peetersmaes,29
77,Belgium,Liege,peetersmaes_3,Honda,Civic,1798,2015,White,Gas,Manual,https://firebasestorage.googleapis.com/v0/b/dreamcar-d63e5.appspot.com/o/Images%2Fpeetersmaes_3.png?alt=media&token=979dc480-3339-41cb-820c-8606dbc534bc,1100,#Honda #HondaCivic #Honda2015,5/6/2022,6/17/2022,FALSE,FALSE,peetersmaes,29
78,Belgium,Liege,peetersmaes_4,Honda,E,1498,2018,White,Gas,Manual,https://firebasestorage.googleapis.com/v0/b/dreamcar-d63e5.appspot.com/o/Images%2Fpeetersmaes_4.png?alt=media&token=e05950c6-0aa3-457f-98ef-8e8acf4206e1,850,#Honda #HondaE #Honda2018,5/4/2022,7/3/2022,FALSE,FALSE,peetersmaes,29
79,Belgium,Liege,jacobsclaes_0,Toyota,Camry,2487,2016,Grey,Gas,Auto,https://firebasestorage.googleapis.com/v0/b/dreamcar-d63e5.appspot.com/o/Images%2Fjacobsclaes_0.png?alt=media&token=ede9177c-b9e5-4f77-81a4-99fe10847dad,1600,#Toyota #ToyotaCamry #Toyota2016,5/13/2022,6/19/2022,FALSE,FALSE,jacobsclaes,30
80,Belgium,Liege,jacobsclaes_1,Toyota,Proace,1997,2017,White,Gas,Manual,https://firebasestorage.googleapis.com/v0/b/dreamcar-d63e5.appspot.com/o/Images%2Fjacobsclaes_1.png?alt=media&token=46b973b4-1fd0-4356-a1d6-c2825fec004d,2050,#Toyota #Toyota2017 #ToyotaProace,5/1/2022,6/1/2022,FALSE,FALSE,jacobsclaes,30
81,Belgium,Liege,jacobsclaes_2,Ford,Kuga,1997,2013,Grey,Gas,Auto,https://firebasestorage.googleapis.com/v0/b/dreamcar-d63e5.appspot.com/o/Images%2Fjacobsclaes_2.png?alt=media&token=052d60f5-9603-4edf-91d0-ee111ad68f2d,1200,#Ford #FordKuga #Ford2013,5/2/2022,6/2/2022,FALSE,FALSE,jacobsclaes,30
82,Belgium,Liege,jacobsclaes_3,Ford,Puma,1386,2018,Red,Gas,Auto,https://firebasestorage.googleapis.com/v0/b/dreamcar-d63e5.appspot.com/o/Images%2Fjacobsclaes_3.png?alt=media&token=bd5a8d41-2b36-4142-9e29-961fa22e1dc4,1380,#Ford #FordPuma #Ford2018,5/8/2022,6/24/2022,FALSE,FALSE,jacobsclaes,30
83,Belgium,Liege,jacobsclaes_4,Seat,Tarraco,1498,2018,White,Gas,Auto,https://firebasestorage.googleapis.com/v0/b/dreamcar-d63e5.appspot.com/o/Images%2Fjacobsclaes_4.png?alt=media&token=989ac4bc-5a0e-4979-95c6-1abb87a9c5bf,1450,#Seat #SeatTarraco #Seat2018,5/6/2022,6/17/2022,FALSE,FALSE,jacobsclaes,30
84,Belgium,Anderlecht,mertenswillems_0,Audi,Allroad,2967,2019,Black,Gas,Auto,https://firebasestorage.googleapis.com/v0/b/dreamcar-d63e5.appspot.com/o/Images%2Fmertenswillems_0.png?alt=media&token=88d60047-9a6a-4f87-ad47-49f32cbf681f,1900,#Audi #AudiAllroad #Audi2019,5/16/2022,6/17/2022,FALSE,FALSE,mertenswillems,31
85,Belgium,Anderlecht,mertenswillems_1,Audi,TT,1781,2006,Black,Gas,Manual,https://firebasestorage.googleapis.com/v0/b/dreamcar-d63e5.appspot.com/o/Images%2Fmertenswillems_1.png?alt=media&token=5d11bf57-3ef2-4268-ab9d-8c8ed6b20f50,950,#Audi #AudiTT #Audi2006,5/5/2022,6/5/2022,FALSE,FALSE,mertenswillems,31
86,Belgium,Anderlecht,mertenswillems_2,Bugatti,Veyron,7993,2010,White,Gas,Auto,https://firebasestorage.googleapis.com/v0/b/dreamcar-d63e5.appspot.com/o/Images%2Fmertenswillems_2.png?alt=media&token=de80b088-2f50-42da-b83d-a5604ad62531,6700,#Bugatti #BugattiVeyron #Bugatti2010,5/5/2022,5/12/2022,FALSE,FALSE,mertenswillems,31
87,Belgium,Anderlecht,mertenswillems_3,Chevrolet,Aveo,1150,2004,White,Gas,Manual,https://firebasestorage.googleapis.com/v0/b/dreamcar-d63e5.appspot.com/o/Images%2Fmertenswillems_3.png?alt=media&token=cfeab8e3-550e-4f4c-b130-dbb96eaadeb9,1110,#Chevrolet #ChevroletAveo #Chevrolet2004,5/2/2022,6/7/2022,FALSE,FALSE,mertenswillems,31
88,Belgium,Anderlecht,mertenswillems_4,Mercedes-Benz,AmgGT,3982,2017,Green,Gas,Auto,https://firebasestorage.googleapis.com/v0/b/dreamcar-d63e5.appspot.com/o/Images%2Fmertenswillems_4.png?alt=media&token=4f3c6953-daf6-4f02-8f95-a13c670708ce,6900,#Mercedes-Benz #Amg #AmgGT,5/10/2022,6/10/2022,FALSE,FALSE,mertenswillems,31